[NISAR]
AHV = 0.002442823
AHH = 0.018534575473594772
BHV = 0.012045988943610211
BHH = 0.010354915
CHV = 0.01767859
CHH = 0.2834303256384969
alphaHV = 0.6664322526615358
alphaHH = 0.613815856
deltaHV = 1.291006540416535
deltaHH = 0.7895237425151382
DHV = 1.0
DHH = 6.847478036
S = 0.027117295506942918

