[NISAR]
A_HV = 0.0079244779005501
A_HH = 0.0926524445492314
B_HV = 0.3798169114018571
B_HH = 0.197435234395585
C_HV = 0.3759045961104016
C_HH = 0.7894056744946881
alpha_HV = 0.5400830604453339
alpha_HH = 0.2844211463830489
delta_HV = 1.2633557059964389
delta_HH = 0.9272203692595498
D_HV = 1.0
D_HH = 5.05232652374159
s = 0.026613616742048
